1.000000000000000021e-02 4.267261940829155833e+02
1.502512562814070293e-02 6.954779720652531978e+02
2.005025125628140739e-02 8.996048827898720219e+02
2.507537688442210838e-02 1.080226862742359799e+03
3.010050251256281284e-02 1.239070519761398145e+03
3.512562814070351730e-02 1.377012165634213488e+03
4.015075376884422176e-02 1.497724184032610538e+03
4.517587939698492622e-02 1.602685965665454887e+03
5.020100502512563068e-02 1.691937301231957917e+03
5.522613065326633514e-02 1.765902340396209183e+03
6.025125628140703959e-02 1.827087415338216488e+03
6.527638190954773711e-02 1.878276470125339301e+03
7.030150753768843463e-02 1.920317161304974888e+03
7.532663316582914603e-02 1.953483746263829062e+03
8.035175879396984355e-02 1.978655006237097723e+03
8.537688442211055495e-02 1.997021928190829613e+03
9.040201005025125247e-02 2.009450172683782057e+03
9.542713567839194999e-02 2.016443425906978746e+03
1.004522613065326614e-01 2.018361135721710752e+03
1.054773869346733589e-01 2.015556890184011763e+03
1.105025125628140703e-01 2.008410665605049189e+03
1.155276381909547678e-01 1.997355090431061171e+03
1.205527638190954792e-01 1.982873988707199260e+03
1.255778894472361906e-01 1.965497981836124609e+03
1.306030150753768881e-01 1.945772831501845076e+03
1.356281407035175857e-01 1.924174428447069658e+03
1.406532663316583109e-01 1.901049463754457065e+03
1.456783919597990085e-01 1.876611697812237708e+03
1.507035175879397060e-01 1.850979395709697883e+03
1.557286432160804035e-01 1.824226064900184156e+03
1.607537688442211288e-01 1.796423191356175494e+03
1.657788944723618263e-01 1.767665129989487923e+03
1.708040201005025238e-01 1.740452162780836943e+03
1.758291457286432213e-01 1.714196732963109525e+03
1.808542713567839189e-01 1.687269163430628851e+03
1.858793969849246441e-01 1.659800869913385441e+03
1.909045226130653417e-01 1.631911157616772016e+03
1.959296482412060392e-01 1.603700515641066886e+03
2.009547738693467367e-01 1.575252512699233421e+03
2.059798994974874620e-01 1.546636915280953190e+03
2.110050251256281595e-01 1.517911046856712574e+03
2.160301507537688570e-01 1.489129272493419421e+03
2.210552763819095545e-01 1.460338139772858085e+03
2.260804020100502520e-01 1.431580172554187584e+03
2.311055276381909773e-01 1.402894215771986637e+03
2.361306532663316748e-01 1.374316194344829228e+03
2.411557788944723724e-01 1.345879252297652783e+03
2.461809045226130699e-01 1.317614235440541961e+03
2.512060301507537674e-01 1.289549753895054891e+03
2.562311557788944927e-01 1.261711979561483531e+03
2.612562814070351624e-01 1.234125138063476015e+03
2.662814070351758877e-01 1.206810916965915339e+03
2.713065326633166130e-01 1.179789003146332334e+03
2.763316582914572828e-01 1.153076345894997303e+03
2.813567839195980080e-01 1.126689115133101950e+03
2.863819095477387333e-01 1.100641533401539846e+03
2.914070351758794031e-01 1.074946145737892948e+03
2.964321608040201284e-01 1.049614046385149777e+03
3.014572864321607981e-01 1.024654987471569711e+03
3.064824120603015234e-01 1.000077322794019551e+03
3.115075376884422487e-01 9.758880392124549417e+02
3.165326633165829184e-01 9.520926612135291407e+02
3.215577889447236437e-01 9.286954183237229472e+02
3.265829145728643135e-01 9.056993195121987128e+02
3.316080402010050387e-01 8.831062085598254043e+02
3.366331658291457640e-01 8.609167928715100970e+02
3.416582914572864338e-01 8.391309705893723958e+02
3.466834170854271591e-01 8.177478721641502943e+02
3.517085427135678288e-01 7.967660486474698018e+02
3.567336683417085541e-01 7.761835727898829873e+02
3.617587939698492794e-01 7.559981905519323391e+02
3.667839195979899491e-01 7.362072499578596307e+02
3.718090452261306744e-01 7.168079325301864628e+02
3.768341708542713442e-01 6.977975457946431561e+02
3.818592964824120695e-01 6.791729317060626272e+02
3.868844221105527947e-01 6.609312824029999547e+02
3.919095477386934645e-01 6.430690960346581733e+02
3.969346733668341898e-01 6.255832912573387148e+02
4.019597989949749151e-01 6.084706923076482781e+02
4.069849246231155848e-01 5.917278326263800636e+02
4.120100502512563101e-01 5.753513808104374903e+02
4.170351758793969799e-01 5.593379249595012652e+02
4.220603015075377051e-01 5.436837135399837280e+02
4.270854271356784304e-01 5.283851421815537606e+02
4.321105527638191002e-01 5.134382718505507910e+02
4.371356783919598255e-01 4.988391156594894937e+02
4.421608040201004952e-01 4.845836391202864775e+02
4.471859296482412205e-01 4.706674627933180659e+02
4.522110552763819458e-01 4.570859463664320970e+02
4.572361809045226155e-01 4.438344535741371715e+02
4.622613065326633408e-01 4.309081097579859829e+02
4.672864321608040106e-01 4.183018713449041002e+02
4.723115577889447358e-01 4.060105840925666030e+02
4.773366834170854611e-01 3.940290420235164675e+02
4.823618090452261309e-01 3.823519534689416446e+02
4.873869346733668562e-01 3.709739007008254248e+02
4.924120603015075259e-01 3.598895014091845610e+02
4.974371859296482512e-01 3.490933370089874757e+02
5.024623115577889765e-01 3.385800128792304804e+02
5.074874371859295907e-01 3.283440329597864320e+02
5.125125628140703160e-01 3.183799349446352380e+02
5.175376884422110413e-01 3.086823495151821817e+02
5.225628140703517666e-01 2.992458217760101320e+02
5.275879396984924918e-01 2.900649425393350498e+02
5.326130653266332171e-01 2.811343022785791845e+02
5.376381909547738314e-01 2.724485774612259661e+02
5.426633165829145566e-01 2.640023902613523319e+02
5.476884422110552819e-01 2.557904158536478860e+02
5.527135678391960072e-01 2.480720762090330425e+02
5.577386934673367325e-01 2.406765645547628480e+02
5.627638190954774577e-01 2.334680310685935183e+02
5.677889447236180720e-01 2.264433528561463618e+02
5.728140703517587973e-01 2.195993332092064065e+02
5.778391959798995225e-01 2.129327600798517892e+02
5.828643216080402478e-01 2.064403507447535731e+02
5.878894472361809731e-01 2.001188027052137954e+02
5.929145728643215874e-01 1.939647841855027650e+02
5.979396984924623126e-01 1.879750206128011314e+02
6.029648241206030379e-01 1.821461845392647945e+02
6.079899497487437632e-01 1.764749765250242319e+02
6.130150753768844885e-01 1.709580939805044011e+02
6.180402010050251027e-01 1.655922723392926628e+02
6.230653266331658280e-01 1.603742607931558268e+02
6.280904522613065533e-01 1.553008331608945412e+02
6.331155778894472785e-01 1.503688025525183320e+02
6.381407035175880038e-01 1.455750069158169708e+02
6.431658291457286181e-01 1.409163521580229315e+02
6.481909547738693433e-01 1.363897504803587992e+02
6.532160804020100686e-01 1.319921602912351659e+02
6.582412060301507939e-01 1.277205836207771199e+02
6.632663316582915192e-01 1.235720707155338829e+02
6.682914572864321334e-01 1.195437456458195413e+02
6.733165829145728587e-01 1.156327366531648408e+02
6.783417085427135840e-01 1.118362224475247615e+02
6.833668341708543092e-01 1.081514290759931356e+02
6.883919597989950345e-01 1.045756352777295035e+02
6.934170854271356488e-01 1.011062026784243528e+02
6.984422110552763741e-01 9.774048849174027964e+01
7.034673366834170993e-01 9.447590562182945462e+01
7.084924623115578246e-01 9.130991065047639665e+01
7.135175879396985499e-01 8.824000178812580941e+01
7.185427135678391641e-01 8.526376114177313070e+01
7.235678391959798894e-01 8.237878691402177367e+01
7.285929648241206147e-01 7.958270378891097607e+01
7.336180904522613400e-01 7.687318542063934501e+01
7.386432160804020652e-01 7.424794173307041945e+01
7.436683417085426795e-01 7.170473311695407403e+01
7.486934673366834048e-01 6.924138280296507730e+01
7.537185929648241300e-01 6.685571989437040941e+01
7.587437185929648553e-01 6.454561627537633228e+01
7.637688442211055806e-01 6.230898404700476334e+01
7.687939698492463059e-01 6.014377095406525342e+01
7.738190954773869201e-01 5.804797045816628298e+01
7.788442211055276454e-01 5.601962839720626164e+01
7.838693467336683707e-01 5.405680709856551402e+01
7.888944723618090960e-01 5.215761353021731850e+01
7.939195979899498212e-01 5.032019684460397002e+01
7.989447236180904355e-01 4.854273935101738147e+01
8.039698492462311608e-01 4.682346761807605873e+01
8.089949748743718860e-01 4.516065733593153197e+01
8.140201005025126113e-01 4.355261229823098290e+01
8.190452261306533366e-01 4.199767777764029120e+01
8.240703517587939508e-01 4.049424743874695309e+01
8.290954773869346761e-01 3.904074465139259331e+01
8.341206030150754014e-01 3.763563604859161416e+01
8.391457286432161267e-01 3.627743655177935267e+01
8.441708542713568519e-01 3.496469573564041156e+01
8.491959798994974662e-01 3.369599798342468944e+01
8.542211055276381915e-01 3.246997217074477504e+01
8.592462311557789167e-01 3.128528793694590959e+01
8.642713567839196420e-01 3.014064541752133408e+01
8.692964824120603673e-01 2.903478540085272641e+01
8.743216080402009815e-01 2.796649294790972462e+01
8.793467336683417068e-01 2.693458029415409882e+01
8.843718592964824321e-01 2.593789388884794533e+01
8.893969849246231574e-01 2.497531893508125123e+01
8.944221105527638827e-01 2.404577435934755769e+01
8.994472361809044969e-01 2.314820762192448100e+01
9.044723618090452222e-01 2.228160138678767055e+01
9.094974874371859475e-01 2.144497914704386687e+01
9.145226130653266727e-01 2.063738372559800283e+01
9.195477386934673980e-01 1.985788573164829174e+01
9.245728643216080123e-01 1.910558538550278485e+01
9.295979899497487375e-01 1.837961302271782316e+01
9.346231155778894628e-01 1.767912492910532762e+01
9.396482412060301881e-01 1.700329974916177278e+01
9.446733668341709134e-01 1.635135537127590055e+01
9.496984924623115276e-01 1.572253151720671127e+01
9.547236180904522529e-01 1.511608146961950716e+01
9.597487437185929782e-01 1.453128195265824729e+01
9.647738693467337034e-01 1.396743306726521894e+01
9.697989949748744287e-01 1.342385710682691879e+01
9.748241206030150430e-01 1.289989604567178993e+01
9.798492462311557682e-01 1.239491201805537024e+01
9.848743718592964935e-01 1.190829920131821673e+01
9.898994974874372188e-01 1.143946535878978743e+01
9.949246231155779441e-01 1.098782649439573156e+01
9.999497487437186694e-01 1.055281762587116212e+01
1.004974874371859173e+00 1.013389114261226176e+01
1.010000000000000009e+00 9.730516645441849022e+00
