9.999950000398841418e-06 -3.507366669151291916e+00
2.482487495497524149e-02 4.292172504313515269e+00
4.903885303321633971e-02 4.955622594989765872e+00
7.268034913392158736e-02 5.332007299672932632e+00
9.577580916195621574e-02 5.591105041632595807e+00
1.183498878073293153e-01 5.786119757524947893e+00
1.404256067418306608e-01 5.940742096380133397e+00
1.620244957277522102e-01 6.067602535609111669e+00
1.831667188068844543e-01 6.174234795741061710e+00
2.038711874236376898e-01 6.265493805656844550e+00
2.241556620728543114e-01 6.344690843635500066e+00
2.440368438414557972e-01 6.414184733118529991e+00
2.635304570262008150e-01 6.475714679951451558e+00
2.826513238515501181e-01 6.530599401141754967e+00
3.014134321771181346e-01 6.579862226651623125e+00
3.198299969694972655e-01 6.624312917903506737e+00
3.379135162151471472e-01 6.664603009842596570e+00
3.556758218668838456e-01 6.701264335295635810e+00
3.731281263441060259e-01 6.734736508863200299e+00
3.902810650444267226e-01 6.765386961363486940e+00
4.071447352703477796e-01 6.793525822364110844e+00
4.237287319277452946e-01 6.819417161257077531e+00
4.400421803121870035e-01 6.843287605261703099e+00
4.560937662635939360e-01 6.865333036882645956e+00
4.718917639387215646e-01 6.885723859961504267e+00
4.874440614237870451e-01 6.904609187555283967e+00
5.027581843857169552e-01 6.922120205482651834e+00
5.178413179395471300e-01 6.938372898256184307e+00
5.327003268910233125e-01 6.953470277246422526e+00
5.473417744971601495e-01 6.967504216163702857e+00
5.617719398730871561e-01 6.980556974001379977e+00
5.759968341607327735e-01 6.992702467053521609e+00
5.900222155635518329e-01 7.004007337989511583e+00
6.038536033414099169e-01 7.014531859608545084e+00
6.174962908507529713e-01 7.024330702996767428e+00
6.309553577071633779e-01 7.033453593764073197e+00
6.442356811402423222e-01 7.041945875356169005e+00
6.573419466043356474e-01 7.049848994781064526e+00
6.702786577028697623e-01 7.057200923200642073e+00
6.830501454789014160e-01 7.064036521616151809e+00
6.956605771198371979e-01 7.070387860022718129e+00
7.081139641200994150e-01 7.076284496947851999e+00
7.204141699417487832e-01 7.081753725130443655e+00
7.325649172096646566e-01 7.086820788073755040e+00
7.445697944748126407e-01 7.091509071580252233e+00
7.564322625763412189e-01 7.095840273775046114e+00
7.681556606307313739e-01 7.099834556260877783e+00
7.797432116739269059e-01 7.103510678767045228e+00
7.911980279802988125e-01 7.106886119800436497e+00
8.025231160804042752e-01 7.109977184731769206e+00
8.137213814977791726e-01 7.112799102639722371e+00
8.247956332234364085e-01 7.115366113903199619e+00
8.357485879453036004e-01 7.117691548942613800e+00
8.465828740485368265e-01 7.119787899460608749e+00
8.573010354014426460e-01 7.121666883162099282e+00
8.679055349406530340e-01 7.123339502143815061e+00
8.783987580681880125e-01 7.124816096412481592e+00
8.887830158721330420e-01 7.126106392171073445e+00
8.990605481818052525e-01 7.127219546314844223e+00
9.092335264675115436e-01 7.128164186666655411e+00
9.193040565942890430e-01 7.128948449179850044e+00
9.292741814383658205e-01 7.129580011704229392e+00
9.391458833744709134e-01 7.130066125225314799e+00
9.489210866415692669e-01 7.130413642427122056e+00
9.586016595940827223e-01 7.130629044002964712e+00
9.681894168451884441e-01 7.130718462979590555e+00
9.776861213083402058e-01 7.130687707009766285e+00
9.870934861427597129e-01 7.130542279103412540e+00
9.964131766082675590e-01 7.130287396726339821e+00
1.005646811834477239e+00 7.129928009460678062e+00
1.014795966509053571e+00 7.129468815435616946e+00
1.023862172489436562e+00 7.128914276521869375e+00
1.032846920342158414e+00 7.128268632440340369e+00
1.041751660813624358e+00 7.127535913902273812e+00
1.050577806235980960e+00 7.126719954814611846e+00
1.059326731871486293e+00 7.125824403646396910e+00
1.067999777198578082e+00 7.124852734030381995e+00
1.076598247142648512e+00 7.123808254645566329e+00
1.085123413254356128e+00 7.122694118441577515e+00
1.093576514838132230e+00 7.121513331263350288e+00
1.101958760033390883e+00 7.120268759918717549e+00
1.110271326850798435e+00 7.118963139716517396e+00
1.118515364165825199e+00 7.117599081529650817e+00
1.126691992671679854e+00 7.116179078415542314e+00
1.134802305793596089e+00 7.114705511827346562e+00
1.142847370566343557e+00 7.113180657446568134e+00
1.150828228476719284e+00 7.111606690649047380e+00
1.158745896272687315e+00 7.109985691644782335e+00
1.166601366740735557e+00 7.108319650312489912e+00
1.174395609452936640e+00 7.106610470748290886e+00
1.182129571485120989e+00 7.104859975547940465e+00
1.189804178107489507e+00 7.103069909840532326e+00
1.197420333448927510e+00 7.101241945091503638e+00
1.204978921136209413e+00 7.099377682687682878e+00
1.212480804909230825e+00 7.097478657317567219e+00
1.219926829213330510e+00 7.095546340164458066e+00
1.227317819769724760e+00 7.093582141922647466e+00
1.234654584125016497e+00 7.091587415647748749e+00
1.241937912180689718e+00 7.089563459451624361e+00
1.249168576703464151e+00 7.087511519051617803e+00
1.256347333817327883e+00 7.085432790183130436e+00
1.263474923478035805e+00 7.083328420883923116e+00
1.270552069930817707e+00 7.081199513657969291e+00
1.277579482152003232e+00 7.079047127526116867e+00
1.284557854275236499e+00 7.076872279970349844e+00
1.291487866002922535e+00 7.074675948777953138e+00
1.298370183003516809e+00 7.072459073791479867e+00
1.305205457295232296e+00 7.070222558570011806e+00
1.311994327616726519e+00 7.067967271966846710e+00
1.318737419785287246e+00 7.065694049628415740e+00
1.325435347043022460e+00 7.063403695418891459e+00
1.332088710391535979e+00 7.061096982774709652e+00
1.338698098915539925e+00 7.058774655992887226e+00
1.345264090095844800e+00 7.056437431456844322e+00
1.351787250112140182e+00 7.054085998803142132e+00
1.358268134135963701e+00 7.051721022032368502e+00
1.364707286614237791e+00 7.049343140567196464e+00
1.371105241543735920e+00 7.046952970260471183e+00
1.377462522736824457e+00 7.044551104358388827e+00
1.383779644078810822e+00 7.042138114419354444e+00
1.390057109777213418e+00 7.039714551185612734e+00
1.396295414603257123e+00 7.037280945416638289e+00
1.402495044125882551e+00 7.034837808684611282e+00
1.408656474938545733e+00 7.032385634133633268e+00
1.414780174879073593e+00 7.029924897204534062e+00
1.420866603242828541e+00 7.027456056326994549e+00
1.426916210989425782e+00 7.024979553580739555e+00
1.432929440943234489e+00 7.022495815337246761e+00
1.438906727987886214e+00 7.020005252873477986e+00
1.444848499255007024e+00 7.017508262937612429e+00
1.450755174307372775e+00 7.015005228299789231e+00
1.456627165316687789e+00 7.012496518279957236e+00
1.462464877236175909e+00 7.009982489252651661e+00
1.468268707968160447e+00 7.007463485133665237e+00
1.474039048526811113e+00 7.004939837875070019e+00
1.479776283196221121e+00 7.002411867898298503e+00
1.485480789683977232e+00 6.999879884501681637e+00
1.491152939270371069e+00 6.997344186265674892e+00
1.496793096953406232e+00 6.994805061441050853e+00
1.502401621589736225e+00 6.992262788348359237e+00
1.507978866031673526e+00 6.989717635770120729e+00
1.513525177260398813e+00 6.987169863248938739e+00
1.519040896515496231e+00 6.984619721407682391e+00
1.524526359420935950e+00 6.982067452263216012e+00
1.529981896107620587e+00 6.979513289576313007e+00
1.535407831332605388e+00 6.976957459172226983e+00
1.540804484595103663e+00 6.974400179155249013e+00
1.546172170249377364e+00 6.971841660166859356e+00
1.551511197614613646e+00 6.969282105660275839e+00
1.556821871081885078e+00 6.966721712241198183e+00
1.562104490218284347e+00 6.964160669835378847e+00
1.567359349868321816e+00 6.961599161876158348e+00
1.572586740252673421e+00 6.959037365535484021e+00
1.577786947064362622e+00 6.956475452052790942e+00
1.582960251562450793e+00 6.953913586871046881e+00
1.588106930663320648e+00 6.951351929765051452e+00
1.593227257029619315e+00 6.948790635055369869e+00
1.598321499156938330e+00 6.946229851929722976e+00
1.603389921458295619e+00 6.943669724502629315e+00
1.608432784346487621e+00 6.941110391920851441e+00
1.613450344314375284e+00 6.938551988614792165e+00
1.618442854013166343e+00 6.935994644550281585e+00
1.623410562328752027e+00 6.933438485207755519e+00
1.628353714456158841e+00 6.930883631719254367e+00
1.633272551972167586e+00 6.928330201201062799e+00
1.638167312906155582e+00 6.925778306783615612e+00
1.643038231809214267e+00 6.923228057621425791e+00
1.647885539821590362e+00 6.920679559173164463e+00
1.652709464738501888e+00 6.918132913382009974e+00
1.657510231074372120e+00 6.915588218574576729e+00
1.662288060125532096e+00 6.913045569662783052e+00
1.667043170031428767e+00 6.910505058437307113e+00
1.671775775834388522e+00 6.907966773412224093e+00
1.676486089537969626e+00 6.905430799956373988e+00
1.681174320163949076e+00 6.902897220645795251e+00
1.685840673807979639e+00 6.900366115086917773e+00
1.690485353693953252e+00 6.897837560001160107e+00
1.695108560227108097e+00 6.895311629605059167e+00
1.699710491045914873e+00 6.892788395406079793e+00
1.704291341072773802e+00 6.890267926281177679e+00
1.708851302563554331e+00 6.887750288862577008e+00
1.713390565156013290e+00 6.885235547281691737e+00
1.717909315917116153e+00 6.882723763301657804e+00
1.722407739389297587e+00 6.880214996663048588e+00
1.726886017635681281e+00 6.877709304770301735e+00
1.731344330284296351e+00 6.875206742946223137e+00
1.735782854571309874e+00 6.872707364647529182e+00
1.740201765383305288e+00 6.870211221145032354e+00
1.744601235298628872e+00 6.867718361938235816e+00
1.748981434627834508e+00 6.865228834725840557e+00
1.753342531453241815e+00 6.862742685211195237e+00
1.757684691667640076e+00 6.860259957609008197e+00
1.762008079012151285e+00 6.857780694318934778e+00
1.766312855113281177e+00 6.855304936051100029e+00
1.770599179519174671e+00 6.852832722150812295e+00
1.774867209735099038e+00 6.850364090171823683e+00
1.779117101258170797e+00 6.847899076361184889e+00
1.783349007611350290e+00 6.845437715511389243e+00
1.787563080376718183e+00 6.842980040849885093e+00
1.791759469228054957e+00 6.840526084525044404e+00
