9.999950000398841418e-06 -3.507363550453248990e+00
2.482487495497524149e-02 4.291644704512486364e+00
4.903885303321633971e-02 4.954566897215608279e+00
7.268034913392158736e-02 5.330424730237975695e+00
9.577580916195621574e-02 5.588997219720624798e+00
1.183498878073293153e-01 5.783488930615301449e+00
1.404256067418306608e-01 5.937591116628942345e+00
1.620244957277522102e-01 6.063934826410133816e+00
1.831667188068844543e-01 6.170054314968928644e+00
2.038711874236376898e-01 6.260805007484989915e+00
2.241556620728543114e-01 6.339498639761310450e+00
2.440368438414557972e-01 6.408494453912771505e+00
2.635304570262008150e-01 6.469532035961864658e+00
2.826513238515501181e-01 6.523930445248518950e+00
3.014134321771181346e-01 6.572713317127091059e+00
3.198299969694972655e-01 6.616690682632767384e+00
3.379135162151471472e-01 6.656514312009756296e+00
3.556758218668838456e-01 6.692716240418026707e+00
3.731281263441060259e-01 6.725736253564151390e+00
3.902810650444267226e-01 6.755941923779064773e+00
4.071447352703477796e-01 6.783643494357400883e+00
4.237287319277452946e-01 6.809105122349217609e+00
4.400421803121870035e-01 6.832553498446320539e+00
4.560937662635939360e-01 6.854184546133246236e+00
4.718917639387215646e-01 6.874168689521738429e+00
4.874440614237870451e-01 6.892655042955523115e+00
5.027581843857169552e-01 6.909774776177158628e+00
5.178413179395471300e-01 6.925643841854965288e+00
5.327003268910233125e-01 6.940365205267593041e+00
5.473417744971601495e-01 6.954030681230721989e+00
5.617719398730871561e-01 6.966722458405635976e+00
5.759968341607327735e-01 6.978514372598079163e+00
5.900222155635518329e-01 6.989472977037316959e+00
6.038536033414099169e-01 6.999658447254288873e+00
6.174962908507529713e-01 7.009125350282927158e+00
6.309553577071633779e-01 7.017923301863659979e+00
6.442356811402423222e-01 7.026097530647197331e+00
6.573419466043356474e-01 7.033689364741571914e+00
6.702786577028697623e-01 7.040736653056323568e+00
6.830501454789014160e-01 7.047274131669912123e+00
6.956605771198371979e-01 7.053333743608349415e+00
7.081139641200994150e-01 7.058944918948277802e+00
7.204141699417487832e-01 7.064134821006109455e+00
7.325649172096646566e-01 7.068928563358742423e+00
7.445697944748126407e-01 7.073349401780246737e+00
7.564322625763412189e-01 7.077418904630315311e+00
7.681556606307313739e-01 7.081157104341839315e+00
7.797432116739269059e-01 7.084582632366973165e+00
7.911980279802988125e-01 7.087712840061803909e+00
8.025231160804042752e-01 7.090563907007687128e+00
8.137213814977791726e-01 7.093150938056496990e+00
8.247956332234364085e-01 7.095488051065354185e+00
8.357485879453036004e-01 7.097588455808224062e+00
8.465828740485368265e-01 7.099464525316242280e+00
8.573010354014426460e-01 7.101127860707303618e+00
8.679055349406530340e-01 7.102589349661618812e+00
8.783987580681880125e-01 7.103859219993709395e+00
8.887830158721330420e-01 7.104947088009124556e+00
8.990605481818052525e-01 7.105862003018529549e+00
9.092335264675115436e-01 7.106612487620437513e+00
9.193040565942890430e-01 7.107206574904203045e+00
9.292741814383658205e-01 7.107651842234604445e+00
9.391458833744709134e-01 7.107955442487588371e+00
9.489210866415692669e-01 7.108124132598907075e+00
9.586016595940827223e-01 7.108164299876372993e+00
9.681894168451884441e-01 7.108081986283599996e+00
9.776861213083402058e-01 7.107882910727825632e+00
9.870934861427597129e-01 7.107572489752236322e+00
9.964131766082675590e-01 7.107155856598861732e+00
1.005646811834477239e+00 7.106637878848376388e+00
1.014795966509053571e+00 7.106023174800175646e+00
1.023862172489436562e+00 7.105316128627979566e+00
1.032846920342158414e+00 7.104520904457489294e+00
1.041751660813624358e+00 7.103641459454659746e+00
1.050577806235980960e+00 7.102681555985573603e+00
1.059326731871486293e+00 7.101644772945139295e+00
1.067999777198578082e+00 7.100534516312738020e+00
1.076598247142648512e+00 7.099354028984160792e+00
1.085123413254356128e+00 7.098106399951186418e+00
1.093576514838132230e+00 7.096794572884666863e+00
1.101958760033390883e+00 7.095421354156293603e+00
1.110271326850798435e+00 7.093989420328104423e+00
1.118515364165825199e+00 7.092501325171242321e+00
1.126691992671679854e+00 7.090959506242588972e+00
1.134802305793596089e+00 7.089366291054157720e+00
1.142847370566343557e+00 7.087723902862658854e+00
1.150828228476719284e+00 7.086034466090946893e+00
1.158745896272687315e+00 7.084300011426726051e+00
1.166601366740735557e+00 7.082522480616542104e+00
1.174395609452936640e+00 7.080703730974684973e+00
1.182129571485120989e+00 7.078845539626437144e+00
1.189804178107489507e+00 7.076949607503766337e+00
1.197420333448927510e+00 7.075017563111708263e+00
1.204978921136209413e+00 7.073050966075788537e+00
1.212480804909230825e+00 7.071051310486956787e+00
1.219926829213330510e+00 7.069020028060311489e+00
1.227317819769724760e+00 7.066958491117659946e+00
1.234654584125016497e+00 7.064868015405108004e+00
1.241937912180689718e+00 7.062749862756138697e+00
1.249168576703464151e+00 7.060605243609866299e+00
1.256347333817327883e+00 7.058435319393519869e+00
1.263474923478035805e+00 7.056241204777504272e+00
1.270552069930817707e+00 7.054023969810860883e+00
1.277579482152003232e+00 7.051784641944372822e+00
1.284557854275236499e+00 7.049524207948087096e+00
1.291487866002922535e+00 7.047243615729543720e+00
1.298370183003516809e+00 7.044943776058584461e+00
1.305205457295232296e+00 7.042625564204229249e+00
1.311994327616726519e+00 7.040289821488725508e+00
1.318737419785287246e+00 7.037937356763548813e+00
1.325435347043022460e+00 7.035568947811822405e+00
1.332088710391535979e+00 7.033185342681315788e+00
1.338698098915539925e+00 7.030787260951939288e+00
1.345264090095844800e+00 7.028375394941373422e+00
1.351787250112140182e+00 7.025950410852260575e+00
1.358268134135963701e+00 7.023512949864158195e+00
1.364707286614237791e+00 7.021063629173255549e+00
1.371105241543735920e+00 7.018603042982673124e+00
1.377462522736824457e+00 7.016131763447515546e+00
1.383779644078810822e+00 7.013650341578625103e+00
1.390057109777213418e+00 7.011159308098107168e+00
1.396295414603257123e+00 7.008659174256638202e+00
1.402495044125882551e+00 7.006150432613827306e+00
1.408656474938545733e+00 7.003633557782800168e+00
1.414780174879073593e+00 7.001109007140836837e+00
1.420866603242828541e+00 6.998577221507762403e+00
1.426916210989425782e+00 6.996038625793732812e+00
1.432929440943234489e+00 6.993493629625620045e+00
1.438906727987886214e+00 6.990942627953123711e+00
1.444848499255007024e+00 6.988386001601701203e+00
1.450755174307372775e+00 6.985824117810299327e+00
1.456627165316687789e+00 6.983257330747866476e+00
1.462464877236175909e+00 6.980685982007151402e+00
1.468268707968160447e+00 6.978110401079156588e+00
1.474039048526811113e+00 6.975530905836982321e+00
1.479776283196221121e+00 6.972947802967082609e+00
1.485480789683977232e+00 6.970361388362091404e+00
1.491152939270371069e+00 6.967771947516286701e+00
1.496793096953406232e+00 6.965179755904512326e+00
1.502401621589736225e+00 6.962585079367340057e+00
1.507978866031673526e+00 6.959988174505441272e+00
1.513525177260398813e+00 6.957389288968404806e+00
1.519040896515496231e+00 6.954788661763130264e+00
1.524526359420935950e+00 6.952186523559158893e+00
1.529981896107620587e+00 6.949583097024247813e+00
1.535407831332605388e+00 6.946978597153710133e+00
1.540804484595103663e+00 6.944373231472894759e+00
1.546172170249377364e+00 6.941767200284991723e+00
1.551511197614613646e+00 6.939160696933344141e+00
1.556821871081885078e+00 6.936553908140739466e+00
1.562104490218284347e+00 6.933947014182513691e+00
1.567359349868321816e+00 6.931340189057084267e+00
1.572586740252673421e+00 6.928733600705908380e+00
1.577786947064362622e+00 6.926127411337573037e+00
1.582960251562450793e+00 6.923521777577036573e+00
1.588106930663320648e+00 6.920916850574581503e+00
1.593227257029619315e+00 6.918312776206070325e+00
1.598321499156938330e+00 6.915709695396983214e+00
1.603389921458295619e+00 6.913107744192275916e+00
1.608432784346487621e+00 6.910507053841627112e+00
1.613450344314375284e+00 6.907907751032789534e+00
1.618442854013166343e+00 6.905309958166905737e+00
1.623410562328752027e+00 6.902713793327593272e+00
1.628353714456158841e+00 6.900119370398580365e+00
1.633272551972167586e+00 6.897526799391778596e+00
1.638167312906155582e+00 6.894936186502035547e+00
1.643038231809214267e+00 6.892347634090645769e+00
1.647885539821590362e+00 6.889761240945690979e+00
1.652709464738501888e+00 6.887177102497310521e+00
1.657510231074372120e+00 6.884595310697738668e+00
1.662288060125532096e+00 6.882015954195443541e+00
1.667043170031428767e+00 6.879439118657423080e+00
1.671775775834388522e+00 6.876864886610339234e+00
1.676486089537969626e+00 6.874293337538291304e+00
1.681174320163949076e+00 6.871724548255285114e+00
1.685840673807979639e+00 6.869158592739045055e+00
1.690485353693953252e+00 6.866595542175796929e+00
1.695108560227108097e+00 6.864035465358403698e+00
1.699710491045914873e+00 6.861478428498501536e+00
1.704291341072773802e+00 6.858924495259654641e+00
1.708851302563554331e+00 6.856373727168061372e+00
1.713390565156013290e+00 6.853826183368223468e+00
1.717909315917116153e+00 6.851281920706221662e+00
1.722407739389297587e+00 6.848740994115648739e+00
1.726886017635681281e+00 6.846203456299428503e+00
1.731344330284296351e+00 6.843669357938675368e+00
1.735782854571309874e+00 6.841138747963844580e+00
1.740201765383305288e+00 6.838611673206074215e+00
1.744601235298628872e+00 6.836088178783170655e+00
1.748981434627834508e+00 6.833568308129353674e+00
1.753342531453241815e+00 6.831052102746014043e+00
1.757684691667640076e+00 6.828539602717163426e+00
1.762008079012151285e+00 6.826030846418162490e+00
1.766312855113281177e+00 6.823525870573952545e+00
1.770599179519174671e+00 6.821024710643767364e+00
1.774867209735099038e+00 6.818527400368551206e+00
1.779117101258170797e+00 6.816033972225422843e+00
1.783349007611350290e+00 6.813544457344952399e+00
1.787563080376718183e+00 6.811058885326814583e+00
1.791759469228054957e+00 6.808577284771944349e+00
